0 0
1169 0.0057000000000000002
12879 0.097900000000000001
26927 0.19769999999999999
42532 0.29759999999999998
49942 0.33789999999999998
61253 0.39929999999999999
81918 0.49709999999999999
99850 0.56810000000000005
109982 0.59870000000000001
129860 0.66579999999999995
140772 0.70220000000000005
150122 0.72140000000000004
171941 0.77310000000000001
188303 0.80559999999999998
199602 0.83040000000000003
236604 0.88390000000000002
250238 0.90680000000000005
300000 0.96879999999999999
316000 0.98880000000000001
