0 0
0.0057000000000000002 1169
0.097900000000000001 12879
0.19769999999999999 26927
0.29759999999999998 42532
0.33789999999999998 49942
0.39929999999999999 61253
0.49709999999999999 81918
0.56810000000000005 99850
0.59870000000000001 109982
0.66579999999999995 129860
0.70220000000000005 140772
0.72140000000000004 150122
0.77310000000000001 171941
0.80559999999999998 188303
0.83040000000000003 199602
0.88390000000000002 236604
0.90680000000000005 250238
0.96879999999999999 300000
0.98880000000000001 316000
